{
 "cells": [
  {
   "cell_type": "code",
   "execution_count": 1,
   "outputs": [],
   "source": [
    "import torch\n",
    "from tqdm import tqdm\n",
    "from data_loader import DataLoader\n",
    "from display_helper import display_image, create_video, save_image\n",
    "from models.small_NeRF_model import SmallNerfModel\n",
    "from nerf_forward_pass import NeRFManager\n",
    "from positional_encoding import positional_encoding\n",
    "from query_points import QueryPointSamplerFromRays\n",
    "from ray_bundle import RaysFromCameraBuilder\n",
    "from setup_utils import set_random_seeds, load_training_config_yaml, get_tensor_device\n",
    "import os\n",
    "import json\n",
    "from PIL import Image\n",
    "import numpy as np"
   ],
   "metadata": {
    "collapsed": false,
    "ExecuteTime": {
     "start_time": "2023-11-21T02:00:10.909495Z",
     "end_time": "2023-11-21T02:00:14.051447Z"
    }
   }
  },
  {
   "cell_type": "code",
   "execution_count": 2,
   "outputs": [],
   "source": [
    "file_path = 'nerf_example_data/nerf_synthetic/lego/'"
   ],
   "metadata": {
    "collapsed": false,
    "ExecuteTime": {
     "start_time": "2023-11-21T02:00:14.030441Z",
     "end_time": "2023-11-21T02:00:14.053450Z"
    }
   }
  },
  {
   "cell_type": "code",
   "execution_count": 3,
   "outputs": [
    {
     "data": {
      "text/plain": "{'camera_angle_x': 0.6911112070083618,\n 'frames': [{'file_path': './train/r_0',\n   'rotation': 0.012566370614359171,\n   'transform_matrix': [[-0.9999021887779236,\n     0.004192245192825794,\n     -0.013345719315111637,\n     -0.05379832163453102],\n    [-0.013988681137561798,\n     -0.2996590733528137,\n     0.95394366979599,\n     3.845470428466797],\n    [-4.656612873077393e-10,\n     0.9540371894836426,\n     0.29968830943107605,\n     1.2080823183059692],\n    [0.0, 0.0, 0.0, 1.0]]},\n  {'file_path': './train/r_1',\n   'rotation': 0.012566370614359171,\n   'transform_matrix': [[-0.9305422306060791,\n     0.11707554012537003,\n     -0.34696459770202637,\n     -1.398659110069275],\n    [-0.3661845624446869,\n     -0.29751041531562805,\n     0.8817007541656494,\n     3.5542497634887695],\n    [7.450580596923828e-09,\n     0.9475130438804626,\n     0.3197172284126282,\n     1.2888214588165283],\n    [0.0, 0.0, 0.0, 1.0]]},\n  {'file_path': './train/r_2',\n   'rotation': 0.012566370614359171,\n   'transform_matrix': [[0.4429636299610138,\n     0.31377720832824707,\n     -0.8398374915122986,\n     -3.385493516921997],\n    [-0.8965396881103516,\n     0.1550314873456955,\n     -0.41494810581207275,\n     -1.6727094650268555],\n    [0.0, 0.936754584312439, 0.3499869406223297, 1.4108426570892334],\n    [0.0, 0.0, 0.0, 1.0]]},\n  {'file_path': './train/r_3',\n   'rotation': 0.012566370614359171,\n   'transform_matrix': [[0.7956318259239197,\n     0.5209260582923889,\n     -0.3092023432254791,\n     -1.2464345693588257],\n    [-0.6057805418968201,\n     0.6841840147972107,\n     -0.40610620379447937,\n     -1.6370664834976196],\n    [-1.4901161193847656e-08,\n     0.5104197859764099,\n     0.859925389289856,\n     3.4664700031280518],\n    [0.0, 0.0, 0.0, 1.0]]},\n  {'file_path': './train/r_4',\n   'rotation': 0.012566370614359171,\n   'transform_matrix': [[-0.6566542387008667,\n     -0.2367822825908661,\n     0.7160581946372986,\n     2.8865230083465576],\n    [0.7541918158531189,\n     -0.20615987479686737,\n     0.623452365398407,\n     2.513216972351074],\n    [-1.4901162970204496e-08,\n     0.9494377970695496,\n     0.31395500898361206,\n     1.26559317111969],\n    [0.0, 0.0, 0.0, 1.0]]},\n  {'file_path': './train/r_5',\n   'rotation': 0.012566370614359171,\n   'transform_matrix': [[-0.12173833698034286,\n     0.6862695217132568,\n     -0.7170870900154114,\n     -2.8906705379486084],\n    [-0.9925621747970581,\n     -0.084171362221241,\n     0.08795115351676941,\n     0.35454243421554565],\n    [0.0, 0.7224606275558472, 0.691412091255188, 2.7871713638305664],\n    [0.0, 0.0, 0.0, 1.0]]},\n  {'file_path': './train/r_6',\n   'rotation': 0.012566370614359171,\n   'transform_matrix': [[0.6570732593536377,\n     -0.5113321542739868,\n     0.5538899898529053,\n     2.232801914215088],\n    [0.7538267374038696,\n     0.44570285081863403,\n     -0.48279836773872375,\n     -1.9462224245071411],\n    [-1.4901161193847656e-08,\n     0.7347709536552429,\n     0.6783152222633362,\n     2.7343761920928955],\n    [0.0, 0.0, 0.0, 1.0]]},\n  {'file_path': './train/r_7',\n   'rotation': 0.012566370614359171,\n   'transform_matrix': [[0.9045065641403198,\n     0.42524266242980957,\n     -0.03219788148999214,\n     -0.12979382276535034],\n    [-0.426459938287735,\n     0.9019248485565186,\n     -0.0682905837893486,\n     -0.2752881646156311],\n    [0.0, 0.07550014555454254, 0.9971457123756409, 4.019623279571533],\n    [0.0, 0.0, 0.0, 1.0]]},\n  {'file_path': './train/r_8',\n   'rotation': 0.012566370614359171,\n   'transform_matrix': [[0.159989595413208,\n     0.33046624064445496,\n     -0.930158793926239,\n     -3.7495899200439453],\n    [-0.9871187806129456,\n     0.053561095148324966,\n     -0.15075767040252686,\n     -0.607723593711853],\n    [0.0, 0.9422966837882996, 0.33477866649627686, 1.3495359420776367],\n    [0.0, 0.0, 0.0, 1.0]]},\n  {'file_path': './train/r_9',\n   'rotation': 0.012566370614359171,\n   'transform_matrix': [[-0.23337772488594055,\n     0.44256603717803955,\n     -0.8658348917961121,\n     -3.4902923107147217],\n    [-0.9723862409591675,\n     -0.1062181368470192,\n     0.2078048586845398,\n     0.8376882672309875],\n    [7.450581485102248e-09,\n     0.8904228806495667,\n     0.45513397455215454,\n     1.834703803062439],\n    [0.0, 0.0, 0.0, 1.0]]},\n  {'file_path': './train/r_10',\n   'rotation': 0.012566370614359171,\n   'transform_matrix': [[0.5218667387962341,\n     0.18684424459934235,\n     -0.8323126435279846,\n     -3.3551595211029053],\n    [-0.8530270457267761,\n     0.1143079623579979,\n     -0.509194016456604,\n     -2.052626848220825],\n    [-7.450580596923828e-09,\n     0.9757166504859924,\n     0.21903668344020844,\n     0.882965087890625],\n    [0.0, 0.0, 0.0, 1.0]]},\n  {'file_path': './train/r_11',\n   'rotation': 0.012566370614359171,\n   'transform_matrix': [[-0.9757387638092041,\n     -0.17523755133152008,\n     0.13124708831310272,\n     0.52907395362854],\n    [0.21893838047981262,\n     -0.7809780836105347,\n     0.5849266052246094,\n     2.357914447784424],\n    [-7.450581485102248e-09,\n     0.5994703769683838,\n     0.8003968596458435,\n     3.2265028953552246],\n    [0.0, 0.0, 0.0, 1.0]]},\n  {'file_path': './train/r_12',\n   'rotation': 0.012566370614359171,\n   'transform_matrix': [[-0.9713073372840881,\n     0.20477895438671112,\n     -0.12094451487064362,\n     -0.48754292726516724],\n    [-0.23782765865325928,\n     -0.8363337516784668,\n     0.4939471483230591,\n     1.9911646842956543],\n    [7.450580596923828e-09,\n     0.5085384249687195,\n     0.8610392212867737,\n     3.4709601402282715],\n    [0.0, 0.0, 0.0, 1.0]]},\n  {'file_path': './train/r_13',\n   'rotation': 0.012566370614359171,\n   'transform_matrix': [[0.842908501625061,\n     -0.09502744674682617,\n     0.5295989513397217,\n     2.1348819732666016],\n    [0.5380570292472839,\n     0.14886793494224548,\n     -0.8296582698822021,\n     -3.3444597721099854],\n    [7.450582373280668e-09,\n     0.9842804074287415,\n     0.17661221325397491,\n     0.7119466662406921],\n    [0.0, 0.0, 0.0, 1.0]]},\n  {'file_path': './train/r_14',\n   'rotation': 0.012566370614359171,\n   'transform_matrix': [[-0.06348517537117004,\n     0.8717355132102966,\n     -0.48584654927253723,\n     -1.9585098028182983],\n    [-0.9979828596115112,\n     -0.05545414239168167,\n     0.030906395986676216,\n     0.12458765506744385],\n    [0.0, 0.4868285059928894, 0.8734976053237915, 3.521181106567383],\n    [0.0, 0.0, 0.0, 1.0]]},\n  {'file_path': './train/r_15',\n   'rotation': 0.012566370614359171,\n   'transform_matrix': [[-0.6865485906600952,\n     -0.3086281418800354,\n     0.6583309769630432,\n     2.6538169384002686],\n    [0.7270838618278503,\n     -0.2914219796657562,\n     0.6216287612915039,\n     2.5058655738830566],\n    [0.0, 0.9054401516914368, 0.42447394132614136, 1.7111091613769531],\n    [0.0, 0.0, 0.0, 1.0]]},\n  {'file_path': './train/r_16',\n   'rotation': 0.012566370614359171,\n   'transform_matrix': [[0.1303573101758957,\n     0.5973315834999084,\n     -0.7913291454315186,\n     -3.1899499893188477],\n    [-0.9914670586585999,\n     0.07853669673204422,\n     -0.10404333472251892,\n     -0.41941213607788086],\n    [7.4505797087454084e-09,\n     0.7981396317481995,\n     0.6024724841117859,\n     2.4286444187164307],\n    [0.0, 0.0, 0.0, 1.0]]},\n  {'file_path': './train/r_17',\n   'rotation': 0.012566370614359171,\n   'transform_matrix': [[0.28662192821502686,\n     -0.25357696413993835,\n     0.9238758683204651,\n     3.7242627143859863],\n    [0.95804363489151,\n     0.07586367428302765,\n     -0.27639979124069214,\n     -1.1142032146453857],\n    [0.0, 0.9643357992172241, 0.26468199491500854, 1.066967248916626],\n    [0.0, 0.0, 0.0, 1.0]]},\n  {'file_path': './train/r_18',\n   'rotation': 0.012566370614359171,\n   'transform_matrix': [[-0.09750017523765564,\n     -0.9662679433822632,\n     0.23836953938007355,\n     0.9608983993530273],\n    [0.9952355623245239,\n     -0.09466230124235153,\n     0.023352332413196564,\n     0.09413626790046692],\n    [-1.862645371275562e-09,\n     0.23951061069965363,\n     0.9708936214447021,\n     3.913797616958618],\n    [0.0, 0.0, 0.0, 1.0]]},\n  {'file_path': './train/r_19',\n   'rotation': 0.012566370614359171,\n   'transform_matrix': [[0.5655173063278198,\n     -0.2501452565193176,\n     0.7858863472938538,\n     3.1680095195770264],\n    [0.8247364163398743,\n     0.17152325809001923,\n     -0.5388780236244202,\n     -2.1722869873046875],\n    [0.0, 0.9528940916061401, 0.30330324172973633, 1.2226545810699463],\n    [0.0, 0.0, 0.0, 1.0]]},\n  {'file_path': './train/r_20',\n   'rotation': 0.012566370614359171,\n   'transform_matrix': [[0.8422731161117554,\n     -0.25616011023521423,\n     0.47429734468460083,\n     1.9119539260864258],\n    [0.5390509963035583,\n     0.40025293827056885,\n     -0.7410947680473328,\n     -2.9874486923217773],\n    [1.4901161193847656e-08,\n     0.8798747658729553,\n     0.475205659866333,\n     1.915615439414978],\n    [0.0, 0.0, 0.0, 1.0]]},\n  {'file_path': './train/r_21',\n   'rotation': 0.012566370614359171,\n   'transform_matrix': [[0.9048085808753967,\n     0.3769117295742035,\n     -0.19813843071460724,\n     -0.7987216114997864],\n    [-0.4258183538913727,\n     0.8008883595466614,\n     -0.4210183620452881,\n     -1.6971794366836548],\n    [0.0, 0.4653121531009674, 0.8851466178894043, 3.5681405067443848],\n    [0.0, 0.0, 0.0, 1.0]]},\n  {'file_path': './train/r_22',\n   'rotation': 0.012566370614359171,\n   'transform_matrix': [[-0.4602559208869934,\n     -0.5367125868797302,\n     0.7071803212165833,\n     2.8507351875305176],\n    [0.887786328792572,\n     -0.2782484292984009,\n     0.3666241765022278,\n     1.4779094457626343],\n    [0.0, 0.7965658903121948, 0.6045514941215515, 2.437025308609009],\n    [0.0, 0.0, 0.0, 1.0]]},\n  {'file_path': './train/r_23',\n   'rotation': 0.012566370614359171,\n   'transform_matrix': [[-0.4675160050392151,\n     0.5285975337028503,\n     -0.7085289359092712,\n     -2.8561718463897705],\n    [-0.8839846849441528,\n     -0.27956119179725647,\n     0.37472212314605713,\n     1.5105533599853516],\n    [0.0, 0.8015173077583313, 0.5979713797569275, 2.4105000495910645],\n    [0.0, 0.0, 0.0, 1.0]]},\n  {'file_path': './train/r_24',\n   'rotation': 0.012566370614359171,\n   'transform_matrix': [[0.7739522457122803,\n     0.35971799492836,\n     -0.5211533904075623,\n     -2.1008365154266357],\n    [-0.633243978023529,\n     0.4396481513977051,\n     -0.6369548439979553,\n     -2.5676472187042236],\n    [0.0, 0.8229899406433105, 0.5680559277534485, 2.2899067401885986],\n    [0.0, 0.0, 0.0, 1.0]]},\n  {'file_path': './train/r_25',\n   'rotation': 0.012566370614359171,\n   'transform_matrix': [[-0.1613457202911377,\n     -0.3997095823287964,\n     0.9023301005363464,\n     3.637409210205078],\n    [0.9868979454040527,\n     -0.06534761935472488,\n     0.14751990139484406,\n     0.5946717858314514],\n    [3.725290298461914e-09,\n     0.914309561252594,\n     0.40501612424850464,\n     1.6326723098754883],\n    [0.0, 0.0, 0.0, 1.0]]},\n  {'file_path': './train/r_26',\n   'rotation': 0.012566370614359171,\n   'transform_matrix': [[-0.9752575159072876,\n     -0.03920060396194458,\n     0.21756872534751892,\n     0.8770476579666138],\n    [0.22107206284999847,\n     -0.17293314635753632,\n     0.9598026275634766,\n     3.8690884113311768],\n    [3.725290742551124e-09,\n     0.9841530919075012,\n     0.1773204803466797,\n     0.7148017883300781],\n    [0.0, 0.0, 0.0, 1.0]]},\n  {'file_path': './train/r_27',\n   'rotation': 0.012566370614359171,\n   'transform_matrix': [[-0.9902960658073425,\n     0.09176140278577805,\n     -0.10437164455652237,\n     -0.42073559761047363],\n    [-0.13897335529327393,\n     -0.6538731455802917,\n     0.7437312006950378,\n     2.9980766773223877],\n    [0.0, 0.7510190606117249, 0.6602804064750671, 2.6616756916046143],\n    [0.0, 0.0, 0.0, 1.0]]},\n  {'file_path': './train/r_28',\n   'rotation': 0.012566370614359171,\n   'transform_matrix': [[0.7852338552474976,\n     -0.33010709285736084,\n     0.5238673686981201,\n     2.111776828765869],\n    [0.619199275970459,\n     0.4186233878135681,\n     -0.6643393039703369,\n     -2.678037405014038],\n    [-1.4901161193847656e-08,\n     0.8460399508476257,\n     0.5331193804740906,\n     2.1490728855133057],\n    [0.0, 0.0, 0.0, 1.0]]},\n  {'file_path': './train/r_29',\n   'rotation': 0.012566370614359171,\n   'transform_matrix': [[0.8931812047958374,\n     0.20586314797401428,\n     -0.3998093008995056,\n     -1.6116830110549927],\n    [-0.44969668984413147,\n     0.4088824987411499,\n     -0.7940956354141235,\n     -3.2011020183563232],\n    [0.0, 0.889064371585846, 0.45778220891952515, 1.8453792333602905],\n    [0.0, 0.0, 0.0, 1.0]]},\n  {'file_path': './train/r_30',\n   'rotation': 0.012566370614359171,\n   'transform_matrix': [[-0.28673890233039856,\n     -0.8562213182449341,\n     0.42972761392593384,\n     1.7322875261306763],\n    [0.9580087661743164,\n     -0.25627318024635315,\n     0.12862055003643036,\n     0.5184860825538635],\n    [0.0, 0.44856342673301697, 0.8937509655952454, 3.60282564163208],\n    [0.0, 0.0, 0.0, 1.0]]},\n  {'file_path': './train/r_31',\n   'rotation': 0.012566370614359171,\n   'transform_matrix': [[-0.15501070022583008,\n     0.9340341687202454,\n     -0.32179465889930725,\n     -1.2971957921981812],\n    [-0.9879127740859985,\n     -0.1465567648410797,\n     0.050491925328969955,\n     0.20353946089744568],\n    [0.0, 0.3257317543029785, 0.945462167263031, 3.8112800121307373],\n    [0.0, 0.0, 0.0, 1.0]]},\n  {'file_path': './train/r_32',\n   'rotation': 0.012566370614359171,\n   'transform_matrix': [[6.262858369154856e-05,\n     0.21157889068126678,\n     -0.9773608446121216,\n     -3.9398677349090576],\n    [-1.0,\n     1.3250886695459485e-05,\n     -6.121072510723025e-05,\n     -0.0002467483573127538],\n    [0.0, 0.9773607850074768, 0.21157889068126678, 0.8529018759727478],\n    [0.0, 0.0, 0.0, 1.0]]},\n  {'file_path': './train/r_33',\n   'rotation': 0.012566370614359171,\n   'transform_matrix': [[0.7431973218917847,\n     -0.5280798077583313,\n     0.41083991527557373,\n     1.6561487913131714],\n    [0.6690723896026611,\n     0.5865845680236816,\n     -0.4563559293746948,\n     -1.8396297693252563],\n    [0.0, 0.6140441298484802, 0.7892715930938721, 3.1816558837890625],\n    [0.0, 0.0, 0.0, 1.0]]},\n  {'file_path': './train/r_34',\n   'rotation': 0.012566370614359171,\n   'transform_matrix': [[-0.7566120028495789,\n     0.34157976508140564,\n     -0.5575495362281799,\n     -2.247554063796997],\n    [-0.6538640856742859,\n     -0.39525550603866577,\n     0.6451627016067505,\n     2.600733995437622],\n    [0.0, 0.8526995182037354, 0.5224018096923828, 2.1058690547943115],\n    [0.0, 0.0, 0.0, 1.0]]},\n  {'file_path': './train/r_35',\n   'rotation': 0.012566370614359171,\n   'transform_matrix': [[-0.3977896273136139,\n     0.3703862130641937,\n     -0.8393910527229309,\n     -3.3836936950683594],\n    [-0.9174765944480896,\n     -0.1605880707502365,\n     0.36393412947654724,\n     1.4670655727386475],\n    [0.0, 0.9148910045623779, 0.40370094776153564, 1.6273707151412964],\n    [0.0, 0.0, 0.0, 1.0]]},\n  {'file_path': './train/r_36',\n   'rotation': 0.012566370614359171,\n   'transform_matrix': [[0.7656702995300293,\n     -0.4731244146823883,\n     0.4357779026031494,\n     1.7566769123077393],\n    [0.6432332396507263,\n     0.5631818175315857,\n     -0.5187265872955322,\n     -2.0910537242889404],\n    [2.9802320611338473e-08,\n     0.6774803400039673,\n     0.7355409264564514,\n     2.965060234069824],\n    [0.0, 0.0, 0.0, 1.0]]},\n  {'file_path': './train/r_37',\n   'rotation': 0.012566370614359171,\n   'transform_matrix': [[-0.46346595883369446,\n     -0.8589088916778564,\n     0.21788737177848816,\n     0.8783321380615234],\n    [0.886114776134491,\n     -0.4492363929748535,\n     0.11396195739507675,\n     0.4593953788280487],\n    [0.0, 0.24589067697525024, 0.969297468662262, 3.9073634147644043],\n    [0.0, 0.0, 0.0, 1.0]]},\n  {'file_path': './train/r_38',\n   'rotation': 0.012566370614359171,\n   'transform_matrix': [[-0.8262399435043335,\n     0.21388964354991913,\n     -0.5211319923400879,\n     -2.10075044631958],\n    [-0.5633181929588318,\n     -0.3137199878692627,\n     0.7643639445304871,\n     3.081249952316284],\n    [1.4901159417490817e-08,\n     0.9251114130020142,\n     0.3796958923339844,\n     1.5306031703948975],\n    [0.0, 0.0, 0.0, 1.0]]},\n  {'file_path': './train/r_39',\n   'rotation': 0.012566370614359171,\n   'transform_matrix': [[-0.9966232776641846,\n     0.07444921880960464,\n     -0.034631188958883286,\n     -0.13960279524326324],\n    [-0.0821097195148468,\n     -0.9036424160003662,\n     0.4203430414199829,\n     1.6944570541381836],\n    [0.0, 0.4217672646045685, 0.9067041277885437, 3.655041217803955],\n    [0.0, 0.0, 0.0, 1.0]]},\n  {'file_path': './train/r_40',\n   'rotation': 0.012566370614359171,\n   'transform_matrix': [[-0.4379815459251404,\n     0.34720176458358765,\n     -0.8292304277420044,\n     -3.3427348136901855],\n    [-0.8989839553833008,\n     -0.16915537416934967,\n     0.40399786829948425,\n     1.6285674571990967],\n    [-1.4901161193847656e-08,\n     0.922408401966095,\n     0.3862157464027405,\n     1.5568854808807373],\n    [0.0, 0.0, 0.0, 1.0]]},\n  {'file_path': './train/r_41',\n   'rotation': 0.012566370614359171,\n   'transform_matrix': [[-0.994414210319519,\n     0.02083449251949787,\n     -0.10347140580415726,\n     -0.41710659861564636],\n    [-0.10554812848567963,\n     -0.19629065692424774,\n     0.9748484492301941,\n     3.9297399520874023],\n    [3.7252898543727042e-09,\n     0.9803244471549988,\n     0.1973932385444641,\n     0.7957176566123962],\n    [0.0, 0.0, 0.0, 1.0]]},\n  {'file_path': './train/r_42',\n   'rotation': 0.012566370614359171,\n   'transform_matrix': [[-0.9928660988807678,\n     -0.019224023446440697,\n     0.11767476797103882,\n     0.47436219453811646],\n    [0.11923471093177795,\n     -0.160078227519989,\n     0.9798764586448669,\n     3.9500086307525635],\n    [0.0, 0.9869171380996704, 0.16122838854789734, 0.6499325037002563],\n    [0.0, 0.0, 0.0, 1.0]]},\n  {'file_path': './train/r_43',\n   'rotation': 0.012566370614359171,\n   'transform_matrix': [[0.6021551489830017,\n     -0.635220468044281,\n     0.48363634943962097,\n     1.9496005773544312],\n    [0.7983791828155518,\n     0.47909730672836304,\n     -0.36476919054985046,\n     -1.4704318046569824],\n    [-1.4901162970204496e-08,\n     0.6057727932929993,\n     0.7956376075744629,\n     3.207318067550659],\n    [0.0, 0.0, 0.0, 1.0]]},\n  {'file_path': './train/r_44',\n   'rotation': 0.012566370614359171,\n   'transform_matrix': [[0.49585968255996704,\n     0.7388697266578674,\n     -0.45628345012664795,\n     -1.8393374681472778],\n    [-0.8684027194976807,\n     0.4218961298465729,\n     -0.260538786649704,\n     -1.0502654314041138],\n    [0.0, 0.5254284143447876, 0.850837767124176, 3.4298367500305176],\n    [0.0, 0.0, 0.0, 1.0]]},\n  {'file_path': './train/r_45',\n   'rotation': 0.012566370614359171,\n   'transform_matrix': [[-0.5594504475593567,\n     0.5238707065582275,\n     -0.6423196196556091,\n     -2.589273452758789],\n    [-0.8288636207580566,\n     -0.3535921573638916,\n     0.43354055285453796,\n     1.7476580142974854],\n    [0.0, 0.774940013885498, 0.6320346593856812, 2.5478134155273438],\n    [0.0, 0.0, 0.0, 1.0]]},\n  {'file_path': './train/r_46',\n   'rotation': 0.012566370614359171,\n   'transform_matrix': [[0.9999964833259583,\n     -0.0018918740097433329,\n     0.0018659689230844378,\n     0.007521961349993944],\n    [0.0026572593487799168,\n     0.7119618654251099,\n     -0.7022131085395813,\n     -2.830711603164673],\n    [0.0, 0.7022156119346619, 0.7119643688201904, 2.8700201511383057],\n    [0.0, 0.0, 0.0, 1.0]]},\n  {'file_path': './train/r_47',\n   'rotation': 0.012566370614359171,\n   'transform_matrix': [[-0.9168165326118469,\n     -0.3853738605976105,\n     0.1045677587389946,\n     0.42152610421180725],\n    [0.3993086814880371,\n     -0.8848220705986023,\n     0.2400885820388794,\n     0.9678280353546143],\n    [-7.450580596923828e-09,\n     0.26187196373939514,\n     0.9651026129722595,\n     3.8904531002044678],\n    [0.0, 0.0, 0.0, 1.0]]},\n  {'file_path': './train/r_48',\n   'rotation': 0.012566370614359171,\n   'transform_matrix': [[0.9999156594276428,\n     -0.012454097159206867,\n     0.003698349464684725,\n     0.014908524230122566],\n    [0.012991628609597683,\n     0.9585440158843994,\n     -0.28464773297309875,\n     -1.1474518775939941],\n    [0.0, 0.2846718430519104, 0.9586249589920044, 3.8643410205841064],\n    [0.0, 0.0, 0.0, 1.0]]},\n  {'file_path': './train/r_49',\n   'rotation': 0.012566370614359171,\n   'transform_matrix': [[0.3739576041698456,\n     -0.8564795851707458,\n     0.35580646991729736,\n     1.434301733970642],\n    [0.9274457693099976,\n     0.3453431725502014,\n     -0.1434655785560608,\n     -0.5783282518386841],\n    [0.0, 0.38364121317863464, 0.9234821796417236, 3.7226758003234863],\n    [0.0, 0.0, 0.0, 1.0]]},\n  {'file_path': './train/r_50',\n   'rotation': 0.012566370614359171,\n   'transform_matrix': [[-0.9326563477516174,\n     -0.22499778866767883,\n     0.282007098197937,\n     1.1368069648742676],\n    [0.36076587438583374,\n     -0.5816670060157776,\n     0.7290481925010681,\n     2.938887357711792],\n    [0.0, 0.7816900014877319, 0.6236670613288879, 2.514082431793213],\n    [0.0, 0.0, 0.0, 1.0]]},\n  {'file_path': './train/r_51',\n   'rotation': 0.012566370614359171,\n   'transform_matrix': [[-0.8471797108650208,\n     0.14040516316890717,\n     -0.5124186873435974,\n     -2.0656259059906006],\n    [-0.5313065052032471,\n     -0.22387906908988953,\n     0.8170626759529114,\n     3.2936851978302],\n    [7.450580596923828e-09,\n     0.9644504189491272,\n     0.26426392793655396,\n     1.0652819871902466],\n    [0.0, 0.0, 0.0, 1.0]]},\n  {'file_path': './train/r_52',\n   'rotation': 0.012566370614359171,\n   'transform_matrix': [[0.5719918608665466,\n     0.34370848536491394,\n     -0.7447749376296997,\n     -3.002284049987793],\n    [-0.8202592730522156,\n     0.23967842757701874,\n     -0.5193543434143066,\n     -2.0935845375061035],\n    [-1.4901160305669237e-08,\n     0.9079751372337341,\n     0.41902410984039307,\n     1.6891403198242188],\n    [0.0, 0.0, 0.0, 1.0]]},\n  {'file_path': './train/r_53',\n   'rotation': 0.012566370614359171,\n   'transform_matrix': [[0.2079109102487564,\n     0.16523794829845428,\n     -0.9640898704528809,\n     -3.886370897293091],\n    [-0.9781477451324463,\n     0.03512227535247803,\n     -0.2049228399991989,\n     -0.8260704278945923],\n    [0.0, 0.9856281876564026, 0.16892939805984497, 0.6809762716293335],\n    [0.0, 0.0, 0.0, 1.0]]},\n  {'file_path': './train/r_54',\n   'rotation': 0.012566370614359171,\n   'transform_matrix': [[-0.30069297552108765,\n     0.47792530059814453,\n     -0.8253308534622192,\n     -3.3270153999328613],\n    [-0.9537209868431091,\n     -0.15068219602108002,\n     0.26021361351013184,\n     1.048954725265503],\n    [7.450580596923828e-09,\n     0.8653798699378967,\n     0.5011163353919983,\n     2.0200648307800293],\n    [0.0, 0.0, 0.0, 1.0]]},\n  {'file_path': './train/r_55',\n   'rotation': 0.012566370614359171,\n   'transform_matrix': [[0.933196485042572,\n     -0.07844070345163345,\n     0.3507015109062195,\n     1.413723111152649],\n    [0.35936683416366577,\n     0.2036931961774826,\n     -0.9106944799423218,\n     -3.6711270809173584],\n    [0.0, 0.9758873581886292, 0.21827472746372223, 0.8798936009407043],\n    [0.0, 0.0, 0.0, 1.0]]},\n  {'file_path': './train/r_56',\n   'rotation': 0.012566370614359171,\n   'transform_matrix': [[-0.5703680515289307,\n     0.8067229390144348,\n     -0.15452639758586884,\n     -0.6229158639907837],\n    [-0.8213893175125122,\n     -0.5601838231086731,\n     0.10730224847793579,\n     0.43254923820495605],\n    [-7.450581485102248e-09,\n     0.18812799453735352,\n     0.9821444153785706,\n     3.959151029586792],\n    [0.0, 0.0, 0.0, 1.0]]},\n  {'file_path': './train/r_57',\n   'rotation': 0.012566370614359171,\n   'transform_matrix': [[-0.9822137951850891,\n     -0.1677587777376175,\n     0.08433839678764343,\n     0.339978963136673],\n    [0.1877657175064087,\n     -0.8775562047958374,\n     0.44117921590805054,\n     1.7784502506256104],\n    [0.0, 0.4491681754589081, 0.89344722032547, 3.6016008853912354],\n    [0.0, 0.0, 0.0, 1.0]]},\n  {'file_path': './train/r_58',\n   'rotation': 0.012566370614359171,\n   'transform_matrix': [[-0.33302783966064453,\n     0.7478148937225342,\n     -0.5743390917778015,\n     -2.315235137939453],\n    [-0.942916989326477,\n     -0.2641199231147766,\n     0.20285022258758545,\n     0.8177154660224915],\n    [1.4901161193847656e-08,\n     0.6091088652610779,\n     0.7930864691734314,\n     3.1970341205596924],\n    [0.0, 0.0, 0.0, 1.0]]},\n  {'file_path': './train/r_59',\n   'rotation': 0.012566370614359171,\n   'transform_matrix': [[-0.28166845440864563,\n     -0.5504832863807678,\n     0.7858948707580566,\n     3.168043851852417],\n    [0.9595118761062622,\n     -0.16159653663635254,\n     0.2307025045156479,\n     0.929991602897644],\n    [2.980232594040899e-08,\n     0.819057047367096,\n     0.5737119317054749,\n     2.31270694732666],\n    [0.0, 0.0, 0.0, 1.0]]},\n  {'file_path': './train/r_60',\n   'rotation': 0.012566370614359171,\n   'transform_matrix': [[-0.7199268341064453,\n     0.1475599855184555,\n     -0.6781823635101318,\n     -2.7338404655456543],\n    [-0.6940498948097229,\n     -0.1530616134405136,\n     0.7034677267074585,\n     2.8357691764831543],\n    [0.0, 0.9771378040313721, 0.21260714530944824, 0.8570468425750732],\n    [0.0, 0.0, 0.0, 1.0]]},\n  {'file_path': './train/r_61',\n   'rotation': 0.012566370614359171,\n   'transform_matrix': [[-0.999970555305481,\n     0.0056571876630187035,\n     -0.00517683569341898,\n     -0.020868491381406784],\n    [-0.007668337319046259,\n     -0.7377116084098816,\n     0.675072431564331,\n     2.721303939819336],\n    [-4.6566125955216364e-10,\n     0.675092339515686,\n     0.7377332448959351,\n     2.973897933959961],\n    [0.0, 0.0, 0.0, 1.0]]},\n  {'file_path': './train/r_62',\n   'rotation': 0.012566370614359171,\n   'transform_matrix': [[-0.26151391863822937,\n     0.9203336238861084,\n     -0.2908549904823303,\n     -1.1724741458892822],\n    [-0.9651997685432434,\n     -0.24935775995254517,\n     0.07880505919456482,\n     0.31767338514328003],\n    [0.0, 0.3013418912887573, 0.9535161256790161, 3.8437466621398926],\n    [0.0, 0.0, 0.0, 1.0]]},\n  {'file_path': './train/r_63',\n   'rotation': 0.012566370614359171,\n   'transform_matrix': [[0.7933609485626221,\n     -0.19958899915218353,\n     0.5751022100448608,\n     2.3183114528656006],\n    [0.6087514758110046,\n     0.2601161599159241,\n     -0.7495071887969971,\n     -3.021360397338867],\n    [0.0, 0.9447241425514221, 0.3278660774230957, 1.3216705322265625],\n    [0.0, 0.0, 0.0, 1.0]]},\n  {'file_path': './train/r_64',\n   'rotation': 0.012566370614359171,\n   'transform_matrix': [[-0.9780508875846863,\n     0.035429153591394424,\n     -0.2053319364786148,\n     -0.8277195692062378],\n    [-0.20836611092090607,\n     -0.16630110144615173,\n     0.9638087749481201,\n     3.885237693786621],\n    [0.0, 0.9854384064674377, 0.17003315687179565, 0.6854256391525269],\n    [0.0, 0.0, 0.0, 1.0]]},\n  {'file_path': './train/r_65',\n   'rotation': 0.012566370614359171,\n   'transform_matrix': [[0.9800372123718262,\n     -0.039007220417261124,\n     0.1949501782655716,\n     0.7858693599700928],\n    [0.19881436228752136,\n     0.1922825276851654,\n     -0.9609891176223755,\n     -3.873871326446533],\n    [0.0, 0.9805640578269958, 0.1961991935968399, 0.7909042835235596],\n    [0.0, 0.0, 0.0, 1.0]]},\n  {'file_path': './train/r_66',\n   'rotation': 0.012566370614359171,\n   'transform_matrix': [[-0.7107511758804321,\n     0.5660614967346191,\n     -0.41762080788612366,\n     -1.683483362197876],\n    [-0.7034434676170349,\n     -0.5719420313835144,\n     0.42195925116539,\n     1.7009721994400024],\n    [-1.4901160305669237e-08,\n     0.5936806797981262,\n     0.8047007322311401,\n     3.243852376937866],\n    [0.0, 0.0, 0.0, 1.0]]},\n  {'file_path': './train/r_67',\n   'rotation': 0.012566370614359171,\n   'transform_matrix': [[-0.9999840259552002,\n     0.002792684594169259,\n     -0.004916718695312738,\n     -0.019819926470518112],\n    [-0.005654485896229744,\n     -0.4938804805278778,\n     0.8695114254951477,\n     3.505112648010254],\n    [-2.3283064365386963e-10,\n     0.8695253133773804,\n     0.49388840794563293,\n     1.990927815437317],\n    [0.0, 0.0, 0.0, 1.0]]},\n  {'file_path': './train/r_68',\n   'rotation': 0.012566370614359171,\n   'transform_matrix': [[0.5215556025505066,\n     -0.4440380930900574,\n     0.7285671234130859,\n     2.9369475841522217],\n    [0.8532173037528992,\n     0.2714320719242096,\n     -0.4453592896461487,\n     -1.7953004837036133],\n    [0.0, 0.8539056777954102, 0.520427942276001, 2.097911834716797],\n    [0.0, 0.0, 0.0, 1.0]]},\n  {'file_path': './train/r_69',\n   'rotation': 0.012566370614359171,\n   'transform_matrix': [[0.23253430426120758,\n     0.1524328589439392,\n     -0.9605684876441956,\n     -3.872175693511963],\n    [-0.9725881814956665,\n     0.03644489124417305,\n     -0.2296605408191681,\n     -0.925791323184967],\n    [0.0, 0.9876416325569153, 0.1567290723323822, 0.6317951679229736],\n    [0.0, 0.0, 0.0, 1.0]]},\n  {'file_path': './train/r_70',\n   'rotation': 0.012566370614359171,\n   'transform_matrix': [[0.9624335765838623,\n     -0.0828590914607048,\n     0.2585652470588684,\n     1.0423099994659424],\n    [0.271517276763916,\n     0.29370641708374023,\n     -0.9165232181549072,\n     -3.6946234703063965],\n    [7.450580596923828e-09,\n     0.9522977471351624,\n     0.30517053604125977,\n     1.2301819324493408],\n    [0.0, 0.0, 0.0, 1.0]]},\n  {'file_path': './train/r_71',\n   'rotation': 0.012566370614359171,\n   'transform_matrix': [[0.9513999223709106,\n     0.208729088306427,\n     -0.22642995417118073,\n     -0.9127683639526367],\n    [-0.30795836448669434,\n     0.6448431015014648,\n     -0.6995278000831604,\n     -2.8198866844177246],\n    [0.0, 0.7352616190910339, 0.6777834296226501, 2.7322323322296143],\n    [0.0, 0.0, 0.0, 1.0]]},\n  {'file_path': './train/r_72',\n   'rotation': 0.012566370614359171,\n   'transform_matrix': [[0.327425479888916,\n     -0.32604190707206726,\n     0.8868421912193298,\n     3.5749754905700684],\n    [0.9448769688606262,\n     0.1129823625087738,\n     -0.3073148727416992,\n     -1.238826036453247],\n    [7.450580596923828e-09,\n     0.9385795593261719,\n     0.3450627624988556,\n     1.3909926414489746],\n    [0.0, 0.0, 0.0, 1.0]]},\n  {'file_path': './train/r_73',\n   'rotation': 0.012566370614359171,\n   'transform_matrix': [[0.6466457843780518,\n     -0.4112951159477234,\n     0.6424060463905334,\n     2.5896217823028564],\n    [0.7627904415130615,\n     0.3486701548099518,\n     -0.5445914268493652,\n     -2.1953184604644775],\n    [-1.4901161193847656e-08,\n     0.842179000377655,\n     0.5391979217529297,\n     2.173576593399048],\n    [0.0, 0.0, 0.0, 1.0]]},\n  {'file_path': './train/r_74',\n   'rotation': 0.012566370614359171,\n   'transform_matrix': [[-0.7232142090797424,\n     -0.2793499827384949,\n     0.6316049695014954,\n     2.546081066131592],\n    [0.6906238794326782,\n     -0.29253241419792175,\n     0.6614102125167847,\n     2.666229724884033],\n    [-1.4901161193847656e-08,\n     0.9145427346229553,\n     0.4044893682003021,\n     1.6305487155914307],\n    [0.0, 0.0, 0.0, 1.0]]},\n  {'file_path': './train/r_75',\n   'rotation': 0.012566370614359171,\n   'transform_matrix': [[-0.9798775315284729,\n     0.03400515764951706,\n     -0.19668211042881012,\n     -0.7928509712219238],\n    [-0.19960013031959534,\n     -0.16693821549415588,\n     0.9655523896217346,\n     3.892266273498535],\n    [3.725290742551124e-09,\n     0.9853807687759399,\n     0.17036642134189606,\n     0.6867690086364746],\n    [0.0, 0.0, 0.0, 1.0]]},\n  {'file_path': './train/r_76',\n   'rotation': 0.012566370614359171,\n   'transform_matrix': [[0.9977991580963135,\n     0.025931671261787415,\n     -0.061029236763715744,\n     -0.246016725897789],\n    [-0.06631003320217133,\n     0.39020639657974243,\n     -0.9183364510536194,\n     -3.701932668685913],\n    [0.0, 0.920362114906311, 0.39106711745262146, 1.576442003250122],\n    [0.0, 0.0, 0.0, 1.0]]},\n  {'file_path': './train/r_77',\n   'rotation': 0.012566370614359171,\n   'transform_matrix': [[-0.30372685194015503,\n     -0.8604696989059448,\n     0.40907466411590576,\n     1.649032473564148],\n    [0.9527590870857239,\n     -0.27430620789527893,\n     0.13040752708911896,\n     0.5256894826889038],\n    [-7.4505792646561986e-09,\n     0.4293578565120697,\n     0.9031345248222351,\n     3.640651226043701],\n    [0.0, 0.0, 0.0, 1.0]]},\n  {'file_path': './train/r_78',\n   'rotation': 0.012566370614359171,\n   'transform_matrix': [[-0.6693150401115417,\n     0.18098634481430054,\n     -0.7205979228019714,\n     -2.904823064804077],\n    [-0.7429786920547485,\n     -0.16304218769073486,\n     0.6491532325744629,\n     2.6168203353881836],\n    [7.450580152834618e-09,\n     0.9698768854141235,\n     0.24359561502933502,\n     0.9819653034210205],\n    [0.0, 0.0, 0.0, 1.0]]},\n  {'file_path': './train/r_79',\n   'rotation': 0.012566370614359171,\n   'transform_matrix': [[-0.9993038773536682,\n     -0.0326223149895668,\n     0.018094748258590698,\n     0.07294226437807083],\n    [0.037304628640413284,\n     -0.8738756775856018,\n     0.4847160875797272,\n     1.9539530277252197],\n    [0.0, 0.48505374789237976, 0.8744843602180481, 3.5251591205596924],\n    [0.0, 0.0, 0.0, 1.0]]},\n  {'file_path': './train/r_80',\n   'rotation': 0.012566370614359171,\n   'transform_matrix': [[0.3921033442020416,\n     -0.6728718876838684,\n     0.6272944808006287,\n     2.52870512008667],\n    [0.9199212193489075,\n     0.2868020832538605,\n     -0.2673753499984741,\n     -1.077824592590332],\n    [0.0, 0.6819003224372864, 0.7314450144767761, 2.948549509048462],\n    [0.0, 0.0, 0.0, 1.0]]},\n  {'file_path': './train/r_81',\n   'rotation': 0.012566370614359171,\n   'transform_matrix': [[-0.8941853642463684,\n     0.14062994718551636,\n     -0.4250360429286957,\n     -1.7133750915527344],\n    [-0.4476967751979828,\n     -0.2808804214000702,\n     0.8489250540733337,\n     3.422126293182373],\n    [-1.4901160305669237e-08,\n     0.9493837356567383,\n     0.31411871314048767,\n     1.2662529945373535],\n    [0.0, 0.0, 0.0, 1.0]]},\n  {'file_path': './train/r_82',\n   'rotation': 0.012566370614359171,\n   'transform_matrix': [[-0.9460079073905945,\n     0.30761945247650146,\n     -0.10217288136482239,\n     -0.4118720591068268],\n    [-0.32414352893829346,\n     -0.8977826833724976,\n     0.2981899678707123,\n     1.2020422220230103],\n    [-7.450580596923828e-09,\n     0.31520867347717285,\n     0.9490223526954651,\n     3.8256313800811768],\n    [0.0, 0.0, 0.0, 1.0]]},\n  {'file_path': './train/r_83',\n   'rotation': 0.012566370614359171,\n   'transform_matrix': [[-0.048472680151462555,\n     0.48035264015197754,\n     -0.8757349252700806,\n     -3.530200481414795],\n    [-0.9988245964050293,\n     -0.023311378434300423,\n     0.04249916970729828,\n     0.1713196337223053],\n    [0.0, 0.8767656087875366, 0.48091796040534973, 1.9386422634124756],\n    [0.0, 0.0, 0.0, 1.0]]},\n  {'file_path': './train/r_84',\n   'rotation': 0.012566370614359171,\n   'transform_matrix': [[0.9660431146621704,\n     -0.19308900833129883,\n     0.17168912291526794,\n     0.692101001739502],\n    [0.25838056206703186,\n     0.721928596496582,\n     -0.641917884349823,\n     -2.587653875350952],\n    [0.0, 0.6644815802574158, 0.7473046779632568, 3.012481451034546],\n    [0.0, 0.0, 0.0, 1.0]]},\n  {'file_path': './train/r_85',\n   'rotation': 0.012566370614359171,\n   'transform_matrix': [[-0.14186327159404755,\n     0.16584104299545288,\n     -0.9758952260017395,\n     -3.933959484100342],\n    [-0.9898862242698669,\n     -0.023767130449414253,\n     0.1398581862449646,\n     0.5637863874435425],\n    [-1.8626450382086546e-09,\n     0.9858660101890564,\n     0.1675354689359665,\n     0.6753571033477783],\n    [0.0, 0.0, 0.0, 1.0]]},\n  {'file_path': './train/r_86',\n   'rotation': 0.012566370614359171,\n   'transform_matrix': [[0.7959837317466736,\n     -0.5319463610649109,\n     0.28886470198631287,\n     1.1644508838653564],\n    [0.6053178310394287,\n     0.6995013952255249,\n     -0.3798527419567108,\n     -1.5312353372573853],\n    [1.4901159417490817e-08,\n     0.4772116243839264,\n     0.878788411617279,\n     3.5425093173980713],\n    [0.0, 0.0, 0.0, 1.0]]},\n  {'file_path': './train/r_87',\n   'rotation': 0.012566370614359171,\n   'transform_matrix': [[0.44463157653808594,\n     0.7389402389526367,\n     -0.5062312483787537,\n     -2.0406837463378906],\n    [-0.8957135677337646,\n     0.3668093979358673,\n     -0.2512928247451782,\n     -1.0129939317703247],\n    [0.0, 0.5651710033416748, 0.8249737024307251, 3.325575590133667],\n    [0.0, 0.0, 0.0, 1.0]]},\n  {'file_path': './train/r_88',\n   'rotation': 0.012566370614359171,\n   'transform_matrix': [[-0.9978623390197754,\n     0.06534235179424286,\n     -0.0011283498024567962,\n     -0.00454852357506752],\n    [-0.06535211205482483,\n     -0.9977134466171265,\n     0.01722879149019718,\n     0.0694514811038971],\n    [1.1641533570472262e-10,\n     0.01726444624364376,\n     0.9998509287834167,\n     4.0305280685424805],\n    [0.0, 0.0, 0.0, 1.0]]},\n  {'file_path': './train/r_89',\n   'rotation': 0.012566370614359171,\n   'transform_matrix': [[0.9958323836326599,\n     0.01890719123184681,\n     -0.08922122418880463,\n     -0.359662264585495],\n    [-0.09120257198810577,\n     0.2064458727836609,\n     -0.9741982221603394,\n     -3.9271185398101807],\n    [1.862645149230957e-09,\n     0.9782753586769104,\n     0.20730985701084137,\n     0.8356927633285522],\n    [0.0, 0.0, 0.0, 1.0]]},\n  {'file_path': './train/r_90',\n   'rotation': 0.012566370614359171,\n   'transform_matrix': [[0.08438806980848312,\n     0.515834391117096,\n     -0.8525218367576599,\n     -3.4366254806518555],\n    [-0.9964329600334167,\n     0.04368609935045242,\n     -0.0722