filename: tiny_nerf_data.npz
image_height: 100
image_width: 100
focal_length: 138.88887889922103